,0,1,2,ave,var
0,14934.042208819914,12211.395042401027,12067.147659199793,13070.86163680691,2608783.209835126
1,2500.595855125689,2321.9883468992075,2631.598358945047,2484.7275203233144,24153.442926806412
2,1610.3501507110482,1536.3400984774523,1839.7791785319073,1662.1564759068024,25031.740323789676
3,1474.8838582841308,1323.102568414066,1514.7151505522918,1437.5671924168294,10223.245572008449
4,1220.8643511597597,1119.4855600805233,1138.9565494570104,1159.7688202324314,2894.2777812939403
5,1006.5370285009334,946.1915910154952,946.6062833337876,966.4449676167387,1205.5730018861918
6,837.7760729424708,820.1895987952669,870.8089850613259,842.9248855996879,660.4632703224593
7,726.6167752583137,671.6383211884228,748.9284381551106,715.7278448672823,1582.3671489766166
8,599.5397044476152,532.8180853916406,647.1152293692735,593.1576730695098,3296.507023744279
9,516.8570012299348,498.1063054593526,576.2275861988319,530.3969642960398,1663.2315759677494
10,455.5734856543483,437.8273584449607,518.1614870420217,470.5207770471102,1780.959194347385
11,381.7511047740599,360.83215215391186,453.24276049848106,398.6086724754843,2348.0633252594203
12,325.34698342016657,289.57791702978255,381.6507320923995,332.1918775141162,2154.490249756755
13,279.90690750868686,224.7792460917492,328.1506386259638,277.6122640754666,2675.3602399798838
14,222.14816823077263,186.41110562410213,273.477574956319,227.34561627039793,1915.4026200879193
15,198.65905830929665,143.89869072635375,233.49038987991995,192.01604630519012,2039.7653456708063
16,177.03935031351884,115.1802207212276,198.36345215694126,163.52767439722922,1866.7865375720057
17,109.98499812154705,90.74664815957689,160.60017758709694,120.44394128940696,1301.9210125117447
18,107.82387484923909,64.74755308185921,140.91312923412963,104.4948523884093,1458.610540560358
19,78.75021321679367,45.2035450225482,109.36688524768135,77.77354782900774,1029.948963671322
20,67.90653274641197,46.71999524216786,97.61587665726418,70.74746821528133,653.6508720085967
21,63.56655387820577,34.4166844365907,88.10355607669148,62.028931463829316,722.3432586420589
22,51.2804499703159,26.076212040830892,67.1371365128429,48.16459950799657,428.78127270172035
23,50.792431258609824,22.50724930941862,60.467151683846566,44.58894408395833,389.1009869135743
24,44.530689704012104,18.12035346416863,50.89730402700139,37.8494490650607,302.0613544062774
25,35.56520411323268,17.019638942695217,45.04171022890141,32.542184428276435,203.1631058040301
26,33.9917443896814,13.460669093263416,36.23195280181618,27.894788761586998,157.5124913820641
27,28.765086585792552,12.42411169014127,32.24274838582048,24.4773155539181,111.98332543516688
28,29.504608792242667,11.066029502642289,28.476557933196094,23.015732076027017,107.3607658364648
29,25.946247704239138,8.864956689121488,24.19498627029197,19.668730221217533,88.30787105212194
30,19.59793020867327,8.314816460899388,19.754401688728148,15.889049452766935,43.03287489233875
31,16.23858706642816,6.716149998424414,17.097121143251115,13.350619402701229,33.19640839748043
32,18.481945469536303,5.853033687314884,15.008378013638909,13.114452390163365,42.56256890122566
33,17.861851336626376,5.8030129534552755,14.33009283041066,12.664985706830771,38.43333208760752
34,14.839658569563392,4.327498999060681,12.675362378068066,10.614173315564047,30.812749972467586
35,13.889138018040887,4.367315697016477,11.76030784087747,10.005587185311612,24.97555851259178
36,12.686484929932039,4.488201676931487,9.882517320081947,9.01906797564849,17.36212065190925
37,11.003495447047104,4.243402866458732,9.662881621320144,8.303259978275326,12.811141183708406
38,10.100405673557525,4.461108559623742,8.042229926036093,7.534581386405787,8.143698264647059
39,8.731339055465352,4.456642123899746,7.156438706206145,6.7814732951904135,4.6737077587777485
40,7.072221993278932,3.707271320774149,5.8325074172212386,5.537333577091441,2.8960689540203264
41,5.785476874498183,3.84837016130862,6.001406236250966,5.211751090685922,1.40576204125903
42,6.226132594215853,3.6000464015306655,5.533376406747652,5.11985180083139,1.8523341226265961
43,5.305016739704504,3.311466506323362,5.006527892351506,4.541003712793124,1.1560952045686297
44,5.336461427945798,3.466253109592825,4.690863744699329,4.49785942741265,0.9023577883776361
45,4.185390517745914,3.113035701132946,4.343137793144084,3.8805213373409813,0.44799670206312614
46,3.6835643809983685,2.73684661742132,4.018739010534294,3.479716669651328,0.4419774439462969
47,3.54382272465054,2.8624321205102334,3.958284642342,3.4548464958342584,0.30616076437203615
48,3.201207101418686,2.8834816938930263,3.338864628902069,3.1411844747379276,0.054545441159605836
49,3.1153347961824895,2.618708400130354,3.295827463688223,3.009956886667022,0.12295093441875887
50,2.719059611796436,2.7469176652373113,2.857172389010493,2.774383222014747,0.005334552414265841
51,2.4650611354789325,2.5971221865757097,2.674675685439017,2.578953002497886,0.011232154326282544
52,2.4104359416297556,2.494495842134655,2.346866824563246,2.417266202775886,0.005483571057768096
53,2.1018532394603975,2.59927639541895,1.9384304145460318,2.213186683141793,0.11847570437044128
54,1.7625707066080485,2.2269261510272393,2.1183964820914523,2.03596444657558,0.059002775049903575
55,1.7598565635126522,2.2619086625943865,2.0943661964113782,2.038710474172806,0.06533724711151676
56,1.7270052651289063,2.0317106457692202,1.9756255860184309,1.9114471656388525,0.026300494479603063
57,1.3758515294697178,2.1648861007545026,1.8994518447445663,1.8133964916562622,0.16119803151700557
58,1.393722729913424,2.0547687163955257,1.792707051674836,1.7470661659945952,0.11080776689528134
59,1.2436883543775497,1.8834896119076205,1.5350741921538482,1.5540840528130062,0.10260744338597547
60,1.1235162694270024,2.105552464460972,1.6456516874349878,1.624906807107654,0.2414215346340458
61,1.1622584292051508,1.9260968537693681,1.7471468287313328,1.611834037235284,0.1595944483670263
62,1.1291843804399757,1.9794509429684584,1.239692126396461,1.4494424832682984,0.21373471599439786
63,1.0113592316436488,1.9464026561851135,1.3048128841788706,1.4208582573358777,0.22867644791791922
64,0.9553510821951688,1.7761698918166522,1.4564396476648502,1.3959868738922239,0.1711767829497105
65,0.7854454719023434,1.5902041101259978,1.2898196359165874,1.2218230726483095,0.16537676591112038
66,0.7069259604405755,1.4273490097958486,1.063787349732545,1.0660207733229896,0.1297560836462883
67,0.7606032385650668,1.4984450579634998,1.1503584078339206,1.1364689014541625,0.13624732640390244
68,0.6909361709361534,1.6267048212105846,1.309500287158321,1.2090470931016863,0.22648387485624255
69,0.8431158333115678,1.582684365190216,1.2847614044333422,1.236853867645042,0.13846175239712652
70,0.7524483724591133,1.6519228200664724,1.298970953951833,1.2344473821591395,0.20538603896230606
71,0.6601357819496231,1.5675557731906302,1.1584011945553807,1.128697583231878,0.20651448852020066
72,0.6260521684920635,1.3739280331579362,1.0558257038230359,1.018601968491012,0.14086878209148315
73,0.6690088688106741,1.3404888406274669,1.0754982753676423,1.028331994935261,0.11438983164513972
74,0.5508226376047517,1.3281612749319243,1.024140411988746,0.9677081081751405,0.15345229295569968
75,0.5236911758871873,1.332971440562659,1.0130477859200189,0.9565701341232883,0.1661259305626549
76,0.5050689806827912,1.2080301938506477,0.8881780658070505,0.8670924134468297,0.12387207035619821
77,0.5094456442920149,1.2142688820846206,0.885102899974652,0.8696058087837625,0.12437406900964706
78,0.5097272847583454,1.2200791676970286,0.9147128722362409,0.8815064415638716,0.12697694967713236
79,0.46425579801005123,1.0580214623346318,0.7638457382374323,0.7620409995273718,0.08814185884406131
80,0.4881808571990336,1.0427141586688429,0.8550680156596945,0.7953210105091904,0.07955407407809237
81,0.4924668223937069,1.0970159223843043,0.9817834334108684,0.8570887260629599,0.10303148110529574
82,0.4771499978806171,1.060348023325487,0.9241453559928046,0.8205477923996362,0.09307932560752917
83,0.5107051206845911,0.9297226926547361,0.8114611913374311,0.7506296682255861,0.046669287058019114
84,0.42826421234370665,0.9945668223858994,0.9150606048220871,0.7792972131838978,0.09399843541697825
85,0.4575097397263844,0.8414282537317264,0.8312168980229985,0.7100516304937031,0.04785912289060178
86,0.5679352510861795,1.0415936137732713,0.8382241457164218,0.8159176701919576,0.0564612452735968
87,0.6459420363459081,1.0225356370823866,0.8182664286990915,0.8289147007091288,0.035540724301516356
88,0.5443029884618866,0.9353875729089453,0.8201532289765036,0.766614596782445,0.040386576900940135
89,0.6228908298325061,0.9568456337902056,0.9662723961257915,0.8486696199161677,0.03825426250076452
90,0.5199391174754172,0.8736822152030156,0.8849770442354623,0.7595327923046318,0.043085740054343576
91,0.5089947845977155,0.9448972043115536,0.8745934297383551,0.7761618062158747,0.05476931826004824
92,0.5243190033253612,0.8971903504607216,0.9334021041462192,0.7849704859774339,0.05128221933278764
93,0.5089955159075273,0.8067458778797161,0.8536510116884916,0.723130801825245,0.034940463400701796
94,0.5474786346484515,0.8562575151824535,0.9020959898371178,0.7686107132226742,0.03719983857058376
95,0.5510316402121732,0.9008937051998794,0.9952302736240984,0.8157185396787171,0.05476921309742355
96,0.427000561276623,0.8464757492762081,0.9419868163459916,0.7384877089662742,0.0750487733650781
97,0.5046079622974118,0.8598321586747946,1.0013404468910079,0.7885935226210714,0.0654919977627279
98,0.4432199560629658,0.8856599279725376,1.0703351187347525,0.799738334256752,0.10385524701321078
99,0.5135304304682717,0.9174697937581137,1.0630940685567751,0.8313647642610537,0.08106560515578508
100,0.4795026583136307,0.899027857576881,1.119059770631646,0.8325300955073859,0.10557478924932802
101,0.49052506436215143,0.9099145117327483,1.0538927908152538,0.8181107889700513,0.085666741437052
102,0.5462604131464467,0.9293466089639326,1.095490206431047,0.8570324095138089,0.07933534903944542
103,0.5031258683531216,0.8981218455295031,1.0911455720944132,0.830797761992346,0.08984119216508768
104,0.5682980781484617,0.9083185522804161,1.1769654953777209,0.8845273752688664,0.09304352127683045
105,0.5012215449823221,0.8477381035165799,1.009432400881181,0.7861306831266943,0.06741617419868476
106,0.46653271380734895,0.8251412645914968,1.0045434706500267,0.7654058163496241,0.07504013645210082
107,0.5013206832887127,0.7857421193306598,1.0553658825639944,0.7808095617277889,0.07675976830337589
108,0.5071871059639417,0.8214543264249166,1.055477279072373,0.7947062371537438,0.07569212369156236
109,0.5409653846125405,0.8084974328097658,1.0948520255938126,0.8147716143387062,0.07672712677977271
110,0.48872285606006444,0.7953280576417505,1.1032209803811572,0.7957572980276574,0.09440212438401697
111,0.5376247086612412,0.8427217118821001,1.0438546460222955,0.8080670221885455,0.06496789800846164
112,0.48748488526048295,0.8152233143690024,1.1104211188884952,0.8043764395059935,0.09710062881238368
113,0.5002541833796249,0.7721597820221537,1.1077949141778964,0.7934029598598918,0.09261488934820879
114,0.49052860027169165,0.80842794865651,1.1505099327409047,0.8164888272230355,0.1089425731244077
115,0.46022517517797773,0.7318749181155464,1.0289056243937422,0.7403352392290888,0.08090304610506911
116,0.40046473003433525,0.7077407908652457,0.9952315265941547,0.7011456824979119,0.08846950716329008
117,0.33602015383253764,0.6300705061727434,0.8449255976303349,0.6036720858785386,0.06526884512728036
118,0.3861422049297534,0.6600111547357905,0.8197121817702944,0.6219551804786128,0.04808192408687405
119,0.34662158089564965,0.6087769436513771,0.8036075266941677,0.5863353504137315,0.05258675749462448
120,0.3060206255894081,0.5617292463300774,0.8063000392693954,0.5580166370629603,0.06258021053867567
121,0.30684505755346936,0.5179952574899913,0.7709320975622567,0.5319241375352391,0.05398970545051562
122,0.296820302179609,0.46507930722279667,0.7053687219928032,0.48908944379840297,0.04216031782674895
123,0.29117432095449125,0.46499927197876006,0.7081834864942796,0.48811902647584365,0.04387505332205172
124,0.268065624493721,0.456386244716569,0.650750160847506,0.45840067668593204,0.03661490704319725
125,0.2539133781036625,0.4705146584708699,0.6387602494536107,0.45439609534271436,0.03722163465494814
126,0.24806232538158138,0.4819724062144011,0.6795530632607775,0.46986259828558663,0.04665604980493786
127,0.2529213515333526,0.5081430248554232,0.7032348499890019,0.4880997421259259,0.05099686160977243
128,0.24688534484732227,0.49403289594402194,0.6958181475072899,0.478912129432878,0.050556643510946755
129,0.24789393641463064,0.5216355533141674,0.6843029084171293,0.48461079938197577,0.04864132201387392
130,0.25963940816163406,0.5544047847041956,0.731770881438113,0.5152716914346476,0.056875581256187
131,0.26703663273407363,0.5505727919108061,0.7214813580870232,0.5130302609106343,0.052687083325703585
132,0.26532703111119044,0.5552911666502434,0.6944265086381678,0.5050149021332005,0.04792736748382198
133,0.25473892795992026,0.5722374604810765,0.6732049763889434,0.5000604549433133,0.04768559851824909
134,0.24767406358707592,0.5849133132287907,0.6570970718036873,0.49656148287318463,0.047761334359674196
135,0.24776987306274453,0.5585816213718127,0.641911022138973,0.4827541721911768,0.04314916288571388
136,0.23495392658419417,0.5205420717143112,0.6074553671490623,0.45431712181585593,0.03797863879751519
137,0.24447604673032475,0.5503203435352588,0.6409010011043417,0.4785657971233084,0.04314972231069891
138,0.22380705250725885,0.5373562892432032,0.6290871724613438,0.463416838070602,0.04516327573727849
139,0.22117323721909693,0.508172837576876,0.5729322217725248,0.4340927655228326,0.035049488610163874
140,0.20000991067524804,0.49478945097823207,0.5653510466494927,0.4200501361009909,0.03755801029997743
141,0.1970022792824952,0.5045219539633456,0.584915611186948,0.4288132814775963,0.041918040584469386
142,0.18550857820090422,0.4631804161572493,0.549501948066295,0.3993969808081495,0.0361740382951904
143,0.18097580503854108,0.4377842674469841,0.5348834073590024,0.38454782661484255,0.033438236719410035
144,0.17617366279438626,0.4399738336199254,0.5222571822787273,0.379468226231013,0.032689147008792975
145,0.1710643530858746,0.4391823058391912,0.4697031910358564,0.3599832833203074,0.027000652758988872
146,0.17797072932357663,0.4457107822634384,0.39749235832406954,0.34039128997036155,0.020366582992411123
147,0.1967925432940495,0.4653995017710593,0.4133418447997777,0.35851129662162884,0.02029221629570475
148,0.18232189589846298,0.45840337323713626,0.386062688744513,0.3422626526267041,0.02049407790531712
149,0.19061664656434044,0.4645714808731997,0.41158976820626986,0.35559263188127005,0.0211145722677491
150,0.17529909319261408,0.4468884260827298,0.39395521010777423,0.3387142431277061,0.02072886475959426
151,0.14730997813980806,0.3709686176426355,0.3548538045020565,0.2910441334281667,0.015559552347982439
152,0.1518402121561629,0.3685087815446374,0.33743394367836876,0.28592764579305635,0.013725991281599952
153,0.14329594628145442,0.35024186322180184,0.33277014828326684,0.27543598592884105,0.013172057764233037
154,0.1233751781732126,0.32899057977152746,0.3507578580440285,0.2677078719962562,0.01574239848051046
155,0.12375565944136485,0.3516296905288054,0.35615232270424707,0.27717922422480573,0.017659206223592603
156,0.12551523474656898,0.35979980887861307,0.34220010395095013,0.2758383825253774,0.017025223971982306
157,0.12313567091791126,0.34812419301562353,0.3477980534783116,0.2730193058039488,0.016848854596737704
158,0.1256051939024376,0.3362840304395287,0.34135367286477064,0.26774763240224564,0.015159779935583737
159,0.12194118883027823,0.3061053038221203,0.3022325275495345,0.243426340067311,0.011072731077327922
160,0.10904001818517658,0.2996717653472058,0.28472269619825274,0.23114482657687838,0.011238056841385702
161,0.11020905519938831,0.29853133945483534,0.27836867277795313,0.22903635581072557,0.010691578809813602
162,0.10587454478601294,0.28444319420469816,0.2526957355708209,0.214337824853844,0.009075187624732008
163,0.10587115159459945,0.2901992464285952,0.26745283671613873,0.2211744115797778,0.010100481111108955
164,0.10884069258750445,0.2901654075691539,0.24199276278396412,0.21366628764687415,0.008821454961063234
165,0.08830700618376057,0.26788117439825254,0.22752723514953518,0.19457180524384943,0.00887626574268309
166,0.08760109168267897,0.2621945914380001,0.23501937283096652,0.19493835198388187,0.008825588713311157
167,0.07950017668198221,0.24879730789238952,0.22907227483655487,0.1857899198036422,0.008570401351914793
168,0.08277415132267332,0.2440565069655589,0.24442999309547866,0.1904202171279036,0.00869079148548029
169,0.06458933756108716,0.2161670575359372,0.22216776793944384,0.16764138767882275,0.007973795906437903
170,0.0655855988654509,0.20256828666273427,0.22176736907753558,0.1633070848685736,0.00725426781138646
171,0.05964920595103718,0.19333369443108434,0.19660262039265122,0.14986184025825758,0.006106411010721761
172,0.06298338240052315,0.19298524371639167,0.19239321602022097,0.14945394737904527,0.00560795657997687
173,0.06194756330936442,0.1904630980618359,0.18626807015344013,0.1462262438415468,0.005331571558972299
174,0.061747524018207094,0.18183907539697028,0.18119972725841565,0.14159544222453102,0.004781869722923414
175,0.06456978523015931,0.18952094838887787,0.1748737830667475,0.1429881722285949,0.004665717427570762
176,0.061295828801557074,0.1402864077839372,0.13774637018536415,0.11310953559028614,0.0020151081061418326
177,0.06966422534743338,0.18257629170947653,0.1540107815218266,0.1354170995262455,0.0034465774401512064
178,0.06524456525813938,0.17267097685459248,0.14050496045653382,0.12614016752308857,0.0030398689341382076
179,0.06290356358515597,0.1751886759347522,0.12818315789948717,0.12209179913979845,0.003179815102494789
180,0.06424594223252739,0.17882946397982338,0.10846543604926107,0.11718028075387062,0.0033393072526723593
181,0.061198946589111576,0.17302193729804421,0.10992108050761142,0.11471398813158906,0.0031433242853914963
182,0.06109317435362264,0.1752967723452354,0.09313150846813134,0.10984048505566313,0.0034700078725094894
183,0.06019261632080611,0.18115305231753825,0.10355203768900273,0.11496590210911568,0.003755563994880424
184,0.06630074386882741,0.19038475370049576,0.08428221268126365,0.11365590341686227,0.0044963206545493364
185,0.07906780405024356,0.21771986403229282,0.10221349503874061,0.13300038770709233,0.0055169730044459025
186,0.0673818061858826,0.18731874678189228,0.10324955601648367,0.11931670299475285,0.0037898323388986673
187,0.04034543675275455,0.14988038724733257,0.09524147091172395,0.0951557649706037,0.002999481854093672
188,0.03519930890207359,0.1476258075578915,0.10842038427462626,0.09708183357819712,0.0032563514489232772
189,0.030665927311342427,0.11860041164781664,0.10015966483953517,0.0831420012662314,0.002150319039001019
190,0.3825341754862351,0.18379395212782781,0.3579431286622908,0.30809041875878457,0.011738388608679763
191,0.361797441024884,0.28867975013151764,0.3146272493038099,0.32170148015340383,0.0013740827369794764
192,0.37638443443232106,0.5536846493451466,0.32268490752432744,0.41758466376726505,0.014613314353260262
193,0.31866995359343864,0.3520867809411226,0.259468252277992,0.31007499560418444,0.0021999529400585716
194,0.3507487206419698,0.4343127336115668,0.3600285864976239,0.3816966802503868,0.002097865781054636
195,0.33917669769289877,0.43611739739952016,0.3456304336650448,0.37364150958582126,0.002937840095581962
196,0.44862962814799534,0.4717928938853708,0.35513041239962406,0.42518431147766345,0.0038147958019321597
197,0.5685244675147376,0.4819289415426939,0.47276088609704536,0.5077380983848256,0.00279225031416206
198,0.7994111213776651,0.5058666419432576,0.5732734639827521,0.6261837424345583,0.023641713525990076
199,0.7778552788848929,0.4884969638202416,0.5215461545747007,0.5959661324266118,0.025085808451872704
200,1.114693559399125,0.7265055934373192,0.6593958894005387,0.833531680745661,0.06041492959993497
